53478458
58267730
58268275
58268276
58268277
58268278
58268279
58268280
58268281
58268283
58268284
58268285
58268286
58268288
58268289
58268290
58268292
58268294
58268295
58268296
58268297
58268299
58268300
58268301
58268304
58268305
58268307
58268308
58268309
58268311
58268313
58268314
58268315
58268317
58268318
58268319
58268320
58268322
58268323
58268324
58268325
58268327
58268329
58268330
58268332
58268333
58268334
58268336
58268337
58268338
58268339
58268341
58268342
58268343
58268344
58268345
58268348
58268349
58268350
58268352
58268354
58268355
58268357
58268359
58268360
58268361
58268363
58268364
58268366
58268369
58268370
58268371
58268372
58268374
58268376
58268377
58268378
58268380
58268381
58268383
58268385
58268388
58268390
58268391
58268393
58268394
58268395
58268397
58268399
58268400
58268401
58268403
58268404
58268406
58268407
58268409
58268410
58268412
58268413
58268414
58268415
58268418
58268419
58268421
58268422
58268424
58268425
58268426
58268428
58268429
58268431
58268432
58268434
58268435
58268436
58268438
58268439
58268443
58268444
58268448
58268449
58268451
58268452
58268454
58268455
58268457
58268458
58268460
58268461
58268462
58268464
58268465
58268467
58268468
58268469
58268471
58268472
58268473
58268475
58268476
58268478
58268480
58268481
58268483
58268484
58268486
58268488
58268489
58268490
58268492
58268493
58268495
58268496
58268498
58268500
58268502
58268503
58268505
58268507
58268508
58268512
58268514
58268516
58268517
58268518
58268520
58268521
58268525
58268527
58268529
58268530
58268534
58268535
58268537
58268538
58268539
58268541
58268542
58268545
58268546
58268549
58268550
58268552
58268554
58268555
58268557
58268560
58268561
58268566
58268567
58268569
58268571
58268573
58268574
58268576
58268578
58268580
58268581
58268583
58268584
58268586
58268588
58268589
58268591
58268593
58268594
58268595
58268597
58268598
58268600
58268601
58268602
58268604
58268606
58268608
58268609
58268612
58268613
58268615
58268618
58268619
58268621
58268623
58268624
58268627
58268630
58268632
58268634
58268636
58268638
58268639
58268641
58268643
58268644
58268646
58268647
58268649
58268650
58268652
58268654
58268656
58268658
58268659
58268661
58268664
58268667
58268668
58268670
58268672
58268674
58268676
58268680
58268684
58268685
58268687
58268688
58268691
58268692
58268694
58268695
58268697
58268699
58268700
58268702
58268703
58268705
58268706
58268708
58268710
58268712
58268713
58268715
58268717
58268718
58268720
58268721
58268723
58268725
58268726
58268728
58268729
58268731
58268732
58268735
58268736
58268739
58268741
58268743
58268744
58268746
58268748
58268749
58268751
58268753
58268755
58268757
58268759
58268760
58268762
58268763
58268765
58268766
58268769
58268770
58268771
58268773
58268774
58268776
58268778
58268779
58268781
58268783
58268785
58268786
58268788
58268789
58268791
58268794
58268795
58268797
58268799
58268800
58268802
58268803
58268805
58268806
58268808
58268809
58268810
58268812
58268814
58268816
58268817
58268819
58268820
58268822
58268824
58268826
58268828
58268829
58268832
58268833
58268835
58268836
58268838
58268840
58268841
58268843
58268845
58268846
58268848
58268849
58268851
58268852
58268854
58268857
58268859
58268860
58268862
58268864
58268865
58268867
58268868
58268870
58268872
58268873
58268875
58268877
58268879
58268881
58268882
58268884
58268886
58268887
58268889
58268890
58268892
58268894
58268896
58268897
58268899
58268901
58268902
58268904
58268905
58268907
58268908
58268910
58268912
58268913
58268916
58268920
58268921
58268923
58268926
58268928
58268930
58268931
58268933
58268935
58268936
58268938
58268939
58268942
58268944
58268945
58268947
58268948
58268951
58269094
58269095
58269097
58269099
58269101
58269102
58269104
58269106
58269108
58269109
58269112
58269113
58269115
58269118
58269119
58269121
58269122
58269124
58269125
58269127
58269128
58269130
58269132
58269134
58269136
58269139
58269141
58269143
58269145
58269147
58269148
58269150
58269152
58269155
58269156
58269158
58269159
58269163
58269165
58269166
58269168
58269169
58269171
58269172
58269174
58269176
58269178
58269179
58269181
58269182
58269184
58269187
58269188
58269189
58269193
58269199
58269201
58269202
58269204
58269206
58269207
58269209
58269211
58269212
58269215
58269217
58269218
58269220
58269222
58269223
58269225
58269226
58269228
58269230
58269233
58269235
58269236
58269238
58269239
58269241
58269243
58269245
58269247
58269248
58269250
58269252
58269254
58269256
58269258
58269260
58269261
58269263
58269265
58269267
58269268
58269270
58269272
58269273
58269275
58269276
58269279
58269281
58269283
58269285
58269287
58269288
58269290
58269292
58269293
58269295
58269296
58269298
58269300
58269301
58269303
58269306
58269308
58269309
58269311
58269312
58269314
58269315
58269317
58269318
58269320
58269322
58269323
58269326
58269329
58269331
58269333
58269335
58269337
58269340
58269343
58269346
58269347
58269350
58269352
58269353
58269356
58269357
58269359
58269360
58269362
58269365
58269430
58269432
58269435
58269436
58269438
58269440
58269442
58269445
58269447
58269448
58269450
58269452
58269453
58269455
58269456
58269458
58269460
58269461
58269463
58269464
58269467
58269468
58269470
58269472
58269473
58269475
58269477
58269478
58269480
58269481
58269483
58269484
58269485
58269487
58269490
58269492
58269494
58269497
58269499
58269501
58269502
58269504
58269507
58269508
58269511
58269514
58269516
58269518
58269520
58269523
58269525
58269526
58269528
58269530
58269532
58269534
58269537
58269538
58269540
58269541
58269544
58269545
58269547
58269548
58269551
58269553
58269555
58269557
58269559
58269560
58269561
58269563
58269565
58269566
58269568
58269569
58269571
58269574
58269576
58269578
58269579
58269581
58269583
58269584
58269586
58269587
58269589
58269590
58269592
58269595
58269596
58269598
58269600
58269602
58269604
58269607
58269611
58269612
58269616
58269617
58269619
58269620
58269623
58269626
58269628
58269629
58269632
58269633
58269636
58269637
58269640
58269642
58269643
58269645
58269648
58269651
58269653
58269654
58269656
58269658
58269660
58269663
58269666
58269667
58269669
58269672
58269674
58269675
58269678
58269681
58269683
58269684
58269687
58269688
58269690
58269692
58269693
58269695
58269697
58269700
58269702
58269703
58269706
58269707
58269709
58269711
58269713
58269714
58269716
58269718
58269720
58269721
58269723
58269725
58269726
58269728
58269729
58269731
58269733
58269735
58269737
58269738
58269740
58269741
58269743
58269748
58269749
58269751
58269752
58269754
58269755
58269758
58269760
58269762
58269764
58269765
58269767
58269768
58269771
58269773
58269774
58269778
58269779
58269781
58269783
58269785
58269787
58269788
58269790
58269792
58269793
58269796
58269797
58269799
58269800
58269802
58269803
58269805
58269808
58269809
58269811
58269813
58269815
58269817
58269818
58269820
58269822
58269824
58269826
58269828
58269829
58269831
58269834
58269836
58269837
58269839
58269842
58269843
58269845
58269847
58269849
58269850
58269852
58269855
58269857
58269859
58269860
58269862
58269863
58269865
58269867
58269868
58269870
58269871
58269873
58269874
58269876
58269878
58269880
58269883
58269884
58269886
58269887
58269889
58269892
58269894
58269896
58269898
58269899
58269901
58269902
58269904
58269905
58269907
58269909
58269911
58269913
58269915
58269916
58269918
58269920
58269922
58269925
58269927
58269928
58269930
58269931
58269933
58269936
58269939
58269942
58269944
58269947
58269951
58269952
58269955
58269957
58269959
58269961
58269963
58269965
58269967
58269969
58269971
58269974
58269976
58269978
58269980
58269981
58269983
58269984
58269986
58269987
58269989
58269990
58269993
58269994
58269996
58269998
58269999
58270001
58270003
58270004
58270006
58270008
58270009
58270012
58270013
58270015
58270016
58270018
58270020
58270022
58270023
58270025
58270027
58270029
58270031
58270033
58270034
58270036
58270039
58270040
58270042
58270044
58270046
58270048
58270051
58270053
58270055
58270057
58270058
58270060
58270061
58270063
58270065
58270066
58270068
58270069
58270072
58270073
58270075
58270077
58270079
58270081
58270082
58270084
58270086
58270088
58270090
58270091
58270093
58270094
58270096
58270098
58270099
58270101
58270103
58270105
58270107
58270109
58270110
58270112
58270114
58270115
58270117
58270118
58270120
58270122
58270123
58270125
58270127
58270128
58270130
58270132
58270134
58270135
58270137
58270138
58270140
58270142
58270145
58270146
58270148
58270150
58270152
58270154
58270156
58270158
58270160
58270162
58270163
58270165
58270167
58270169
58270170
58270172
58270173
58270175
58270177
58270178
58270180
58270183
58270185
58270187
58270189
58270190
58270192
58270193
58270195
58270197
58270199
58270201
58270203
58270204
58270206
58270207
58270209
58270210
58270212
58270214
58270216
58270218
58270220
58270221
58270223
58270224
58270226
58270228
58270230
58270231
58270233
58270234
58270236
58270238
58270239
58270241
58270242
58270244
58270245
58270247
58270249
58270250
58270253
58270256
58270258
58270261
58270263
58270264
58270266
58270268
58270269
58270272
58270274
58270276
58270280
58270281
58270283
58270285
58270286
58270288
58270290
58270292
58270294
58270296
58270297
58270299
58270300
58270302
58270303
58270306
58270308
58270310
58270311
58270313
58270315
58270316
58270318
58270320
58270321
58270323
58270325
58270328
58270330
58270332
58270333
58270336
58270337
58270339
58270341
58270343
58270345
58270348
58270351
58270352
58270355
58270356
58270359
58270360
58270364
58270366
58270368
58270370
58270373
58270375
58270376
58270378
58270380
58270382
58270383
58270386
58270388
58270390
58270392
58270393
58270395
58270397
58270399
58270401
58270403
58270404
58270406
58270407
58270410
58270412
58270414
58270416
58270418
58270421
58270423
58270425
58270427
58270430
58270432
58270434
58270436
58270438
58270440
58270443
58270445
58270446
58270448
58270450
58270451
58270455
58270456
58270459
58270460
58270462
58270464
58270466
58270468
58270470
58270471
58270473
58270475
58270478
58270482
58270486
58270487
58270489
58270491
58270492
58270494
58270497
58270500
58270501
58270503
58270504
58270506
58270507
58270509
58270512
58270514
58270516
58270518
58270519
58270521
58270522
58270524
58270525
58270527
58270528
58270530
58270532
58270534
58270536
58270539
58270541
58270544
58270545
58270547
58270549
58270551
58270553
58270555
58270557
58270559
58270561
58270563
58270565
58270568
58270571
58270573
58270576
58270578
58270581
58270583
58270586
58270587
58270590
58270592
58270594
58270595
58270597
58270600
58270601
58270603
58270605
58270607
58270608
58270610
58270612
58270614
58270616
58270619
58270621
58270623
58270625
58270627
58270630
58270632
58270634
58270636
58270639
58270640
58270642
58270643
58270645
58270646
58270648
58270649
58270651
58270653
58270655
58270657
58270659
58270661
58270663
58270665
58270668
58270669
58270671
58270673
58270675
58270677
58270678
58270680
58270682
58270685
58270686
58270688
58270690
58270692
58270694
58270696
58270697
58270699
58270701
58270702
58270704
58270705
58270707
58270709
58270711
58270712
58270714
58270716
58270718
58270719
58270721
58270723
58270725
58270728
58270731
58270732
58270735
58270737
58270740
58270742
58270744
58270747
58270748
58270750
58270752
58270753
58270755
58270757
58270759
58270761
58270764
58270765
58270769
58270772
58270776
58270778
58270781
58270783
58270785
58270787
58270788
58270790
58270792
58270794
58270796
58270797
58270799
58270801
58270802
58270804
58270805
58270807
58270809
58270811
58270812
58270814
58270815
58270817
58270819
58270821
58270823
58270826
58270828
58270830
58270832
58270834
58270836
58270837
58270839
58270841
58270843
58270845
58270847
58270849
58270851
58270853
58270855
58270857
58270859
58270861
58270863
58270865
58270867
58270869
58270871
58270873
58270875
58270877
58270879
58270881
58270884
58270886
58270888
58270890
58270892
58270894
58270896
58270899
58270901
58270902
58270904
58270905
58270907
58270909
58270910
58270912
58270914
58270916
58270918
58270919
58270921
58270923
58270924
58270926
58270928
58270930
58270932
58270933
58270937
58270939
58270941
58270942
58270944
58270945
58270947
58270948
58270950
58270951
58270953
58270954
58270956
58270958
58270959
58270961
58270963
58270965
58270966
58270968
58270970
58270972
58270974
58270975
58270977
58270979
58270981
58270983
58270985
58270986
58270988
58270990
58270992
58270994
58270996
58270997
58270999
58271002
58271003
58271005
58271008
58271009
58271011
58271013
58271015
58271019
58271021
58271025
58271027
58271028
58271030
58271032
58271034
58271036
58271038
58271041
58271044
58271046
58271048
58271050
58271051
58271053
58271055
58271056
58271058
58271059
58271062
58271064
58271066
58271068
58271069
58271071
58271073
58271074
58271076
58271077
58271080
58271082
58271083
58271086
58271088
58271090
58271092
58271094
58271096
58271098
58271100
58271102
58271104
58271105
58271107
58271109
58271110
58271112
58271114
58271116
58271117
58271119
58271121
58271124
58271128
58271129
58271131
58271133
58271135
58271137
58271140
58271142
58271144
58271146
58271148
58271150
58271152
58271154
58271156
58271158
58271160
58271162
58271164
58271165
58271167
58271169
58271170
58271172
58271174
58271176
58271178
58271179
58271181
58271183
58271185
58271187
58271189
58271191
58271193
58271195
58271197
58271198
58271201
58271203
58271206
58271208
58271210
58271212
58271214
58271216
58271219
58271222
58271224
58271226
58271228
58271229
58271231
58271233
58271235
58271237
58271240
58271242
58271245
58271248
58271249
58271251
58271252
58271254
58271255
58271257
58271259
58271261
58271263
58271265
58271267
58271269
58271271
58271273
58271275
58271278
58271280
58271281
58271283
58271284
58271287
58271288
58271290
58271292
58271294
58271296
58271298
58271300
58271305
58271307
58271309
58271313
58271314
58271316
58271318
58271320
58271322
58271324
58271326
58271328
58271329
58271331
58271334
58271338
58271340
58271342
58271344
58271346
58271349
58271351
58271353
58271355
58271356
58271358
58271360
58271363
58271365
58271366
58271368
58271370
58271372
58271374
58271376
58271378
58271380
58271382
58271384
58271386
58271388
58271390
58271392
58271396
58271398
58271400
58271401
58271403
58271405
58271407
58271409
58271411
58271413
58271415
58271417
58271419
58271421
58271423
58271425
58271427
58271428
58271430
58271433
58271435
58271436
58271438
58271440
58271442
58271443
58271445
58271447
58271450
58271452
58271454
58271456
58271458
58271460
58271462
58271464
58271467
58271469
58271471
58271472
58271474
58271475
58271477
58271479
58271481
58271482
58271484
58271486
58271488
58271490
58271492
58271494
58271496
58271498
58271500
58271502
58271504
58271506
58271508
58271511
58271512
58271515
58271517
58271519
58271521
58271523
58271525
58271527
58271529
58271531
58271533
58271534
58271536
58271538
58271540
58271542
58271544
58271546
58271548
58271550
58271552
58271554
58271556
58271558
58271560
58271563
58271564
58271566
58271568
58271570
58271572
58271573
58271575
58271577
58271579
58271580
58271582
58271584
58271586
58271588
58271589
58271591
58271593
58271595
58271597
58271598
58271600
58271602
58271604
58271606
58271609
58271610
58271614
58271616
58271618
58271620
58271621
58271624
58271626
58271628
58271630
58271631
58271633
58271635
58271637
58271641
58271642
58271644
58271646
58271647
58271649
58271651
58271653
58271655
58271657
58271659
58271660
58271662
58271664
58271666
58271668
58271670
58271672
58271674
58271677
58271679
58271685
58271690
58271695
58271697
58271699
58271701
58271703
58271705
58271707
58271709
58271712
58271714
58271716
58271717
58272020
58272022
58272024
58272026
58272028
58272030
58272032
58272034
58272036
58272038
58272040
58272042
58272044
58272046
58272048
58272050
58272052
58272053
58272056
58272058
58272060
58272062
58272064
58272065
58272067
58272069
58272071
58272073
58272075
58272077
58272079
58272081
58272083
58272085
58272087
58272089
58272090
58272093
58272094
58272096
58272098
58272100
58272103
58272105
58272107
58272109
58272111
58272112
58272114
58272115
58272117
58272119
58272120
58272122
58272124
58272126
58272127
58272129
58272132
58272134
58272135
58272137
58272139
58272141
58272143
58272145
58272147
58272149
58272151
58272153
58272155
58272157
58272159
58272162
58272164
58272166
58272168
58272169
58272171
58272173
58272174
58272176
58272178
58272181
58272183
58272184
58272186
58272188
58272190
58272192
58272194
58272196
58272197
58272199
58272200
58272202
58272205
58272207
58272210
58272212
58272214
58272216
58272218
58272220
58272222
58272224
58272226
58272228
58272230
58272232
58272234
58272235
58272237
58272239
58272240
58272242
58272244
58272246
58272248
58272250
58272251
58272254
58272255
58272257
58272259
58272262
58272264
58272266
58272268
58272269
58272271
58272273
58272275
58272277
58272278
58272280
58272282
58272284
58272285
58272287
58272289
58272291
58272293
58272295
58272296
58272298
58272300
58272302
58272303
58272305
58272308
58272310
58272312
58272314
58272316
58272317
58272319
58272321
58272323
58272324
58272326
58272328
58272330
58272331
58272333
58272335
58272336
58272338
58272340
58272342
58272344
58272346
58272347
58272349
58272351
58272353
58272356
58272358
58272360
58272362
58272363
58272365
58272367
58272369
58272371
58272373
58272374
58272376
58272378
58272380
58273297
58273298
58273300
58273302
58273304
58273305
58273307
58273308
58273310
58273312
58273314
58273316
58273318
58273319
58273321
58273326
58273328
58273330
58273332
58273334
58273336
58273338
58273340
58273342
58274051
58274052
58274054
58274056
58274843
58274844
58275695
58275697
58275698
60392797
60392798
60392800
60392802
60392803
60392805
60392806
60392808
60392810
60392812
60392814
60392815
60392817
60392819
60392821
60393885
60393886
60393888
60393889
60393891
60393893
61146546
61146547
61146767
61146768
61146770
61147240
61148229
61148230
61149020
61149021
61149022
61149025
61149027
61149028
61149030
61149031
61149033
61149034
61149037
61149039
61150434
61150435
61153573
61153575
61153576
61153578
61153580
61153582
61153585
61153587
61153589
61153591
61153593
61153595
61153596
61153598
61153600
61154563
61154564
61154566
61154781
61154782
61154784
61154786
61154788
61155098
61155099
61155782
61155783
61155785
61155787
61155789
61155790
61156512
61156513
61156515
61156517
63013093
63013094
63013096
63013098
63014104
63014105
63014107
63014109
63014111
63014113
63569925
63569927
63569929
63569930
63570231
63570232
63570234
63570236
63570238
63570240
63570868
63570869
63570871
63570873
63570875
63570877
63570879
63570881
63570883
63570885
63570887
63571549
63571550
63571552
63572145
63572146
63572148
63572150
63572152
63572154
63573321
63573323
63573324
63573326
63573328
63573762
63573763
63573765
63573767
63574069
63574071
63574073
63574074
63574076
63575034
63575035
63575037
63575039
63576264
63576265
63576267
63576269
63576271
63576273
63576603
63576604
63576606
63576608
63576610
63576612
63576614
63576624
63576625
63576626
65178347
65178348
65178350
65178351
65178353
65178355
65178689
65178690
65179379
65179380
65179382
65179979
65179980
65179982
65179985
65179987
65180767
65180768
65180770
65180772
65180775
65181453
65181455
65181456
65181458
65181460
65181462
65181464
65181466
65181468
65181470
65183041
65183042
65183044
65183046
65183392
65183393
65183395
65184252
65184253
65184255
65184257
65184259
65184261
65184914
65184915
65184917
65184919
65184921
65184923
65184925
65184927
65184929
65184931
65184933
65184935
65185470
65185471
65185473
65185475
65185477
65185479
65185481
65185482
65185484
65185486
65185488
65186485
65186486
65186488
65186490
67371012
67371013
67371015
67371017
67371994
67371995
67371997
67371999
67372001
67372701
67372703
67372704
67373451
67373452
67374426
67374427
67374429
67374431
67374433
67374435
69009442
69009443
69009445
69009447
69435430
69435431
69435433
69435435
69435437
69435439
69435441
69435443
69437003
69437005
69437006
69437007
69437009
69437846
69437847
69437849
69437851
69437853
69437855
69438574
69438575
69438577
69439637
69439638
69439640
69439642
69439644
69439646
69439648
69440024
69440025
69440027
70352928
70352929
70352931
70352933
70353259
70353260
70353262
